0 0.8231797919762258 0.7248953974895398 0.16047548291233285 0.02301255230125523
1 0.8142644873699851 0.7656903765690377 0.1426448736998514 0.02092050209205021
2 0.11292719167904904 0.7782426778242678 0.03566121842496285 0.2928870292887029
3 0.23476968796433878 0.6317991631799164 0.1485884101040119 0.02092050209205021
4 0.8172362555720654 0.6349372384937239 0.1515601783060921 0.027196652719665274
5 0.6032689450222882 0.7207112970711297 0.17533432392273401 0.01882845188284519
6 0.17459138187221396 0.11192468619246862 0.02823179791976226 0.03138075313807531
6 0.17161961367013373 0.14958158995815898 0.02526002971768202 0.027196652719665274
6 0.17310549777117384 0.19246861924686193 0.02526002971768202 0.02510460251046025
6 0.17459138187221396 0.23117154811715482 0.02823179791976226 0.02301255230125523
