0 0.8231797919762258 0.7269874476987448 0.1575037147102526 0.02301255230125523
1 0.812035661218425 0.7677824267782427 0.14413075780089152 0.02092050209205021
2 0.11069836552748885 0.7792887029288703 0.03417533432392273 0.29497907949790797
3 0.23328380386329867 0.6338912133891214 0.1485884101040119 0.02092050209205021
4 0.8202080237741456 0.6370292887029289 0.1426448736998514 0.027196652719665274
5 0.5950965824665676 0.7217573221757322 0.1649331352154532 0.016736401673640166
6 0.1723625557206538 0.11401673640167365 0.029717682020802376 0.03138075313807531
6 0.17087667161961367 0.151673640167364 0.0237741456166419 0.01882845188284519
6 0.17087667161961367 0.19351464435146443 0.02674591381872214 0.027196652719665274
6 0.1738484398216939 0.23221757322175732 0.02674591381872214 0.02092050209205021
