0 0.8216939078751857 0.7269874476987448 0.16047548291233285 0.02301255230125523
1 0.8112927191679049 0.7677824267782427 0.14561664190193166 0.02092050209205021
2 0.11069836552748885 0.7792887029288703 0.03417533432392273 0.2907949790794979
3 0.22585438335809807 0.6349372384937239 0.1337295690936107 0.02301255230125523
4 0.8164933135215453 0.6370292887029289 0.15304606240713226 0.027196652719665274
5 0.5950965824665676 0.7217573221757322 0.16196136701337296 0.016736401673640166
6 0.1738484398216939 0.11401673640167365 0.02674591381872214 0.03138075313807531
6 0.17013372956909362 0.15271966527196654 0.02526002971768202 0.02092050209205021
6 0.17087667161961367 0.19351464435146443 0.02674591381872214 0.027196652719665274
6 0.17310549777117384 0.23117154811715482 0.02823179791976226 0.02301255230125523
