0 0.8224368499257058 0.7269874476987448 0.1589895988112927 0.02301255230125523
1 0.812778603268945 0.7688284518828452 0.1426448736998514 0.02301255230125523
2 0.11218424962852898 0.7803347280334728 0.03417533432392273 0.2928870292887029
3 0.22734026745913818 0.6317991631799164 0.13075780089153047 0.02510460251046025
4 0.8216939078751857 0.6370292887029289 0.1426448736998514 0.027196652719665274
5 0.6017830609212481 0.7228033472803347 0.17533432392273401 0.014644351464435146
6 0.1738484398216939 0.11401673640167365 0.029717682020802376 0.03138075313807531
6 0.1723625557206538 0.15271966527196654 0.0237741456166419 0.02092050209205021
6 0.1723625557206538 0.19246861924686193 0.02674591381872214 0.02510460251046025
6 0.17533432392273401 0.23221757322175732 0.02674591381872214 0.02092050209205021
