0 0.8209509658246656 0.7269874476987448 0.1589895988112927 0.02301255230125523
1 0.812778603268945 0.7677824267782427 0.1426448736998514 0.02092050209205021
2 0.10698365527488855 0.7792887029288703 0.02674591381872214 0.2907949790794979
3 0.23476968796433878 0.6370292887029289 0.14561664190193166 0.027196652719665274
4 0.8194650817236255 0.6370292887029289 0.1411589895988113 0.027196652719665274
5 0.5965824665676077 0.7228033472803347 0.1649331352154532 0.01882845188284519
6 0.17310549777117384 0.11401673640167365 0.02823179791976226 0.03138075313807531
6 0.17087667161961367 0.151673640167364 0.0237741456166419 0.01882845188284519
6 0.1723625557206538 0.19456066945606695 0.0237741456166419 0.02510460251046025
6 0.1738484398216939 0.23221757322175732 0.02674591381872214 0.02510460251046025
