0 0.8231797919762258 0.7248953974895398 0.16047548291233285 0.02301255230125523
1 0.812035661218425 0.7656903765690377 0.14413075780089152 0.02092050209205021
2 0.10846953937592868 0.7782426778242678 0.02674591381872214 0.2928870292887029
3 0.23476968796433878 0.6349372384937239 0.14561664190193166 0.027196652719665274
4 0.8216939078751857 0.6349372384937239 0.1426448736998514 0.027196652719665274
5 0.6017830609212481 0.7207112970711297 0.1723625557206538 0.01882845188284519
6 0.17459138187221396 0.11192468619246862 0.02823179791976226 0.03138075313807531
6 0.17161961367013373 0.14748953974895398 0.02526002971768202 0.01882845188284519
6 0.17310549777117384 0.19246861924686193 0.02526002971768202 0.02510460251046025
6 0.3662704309063893 0.23221757322175732 0.4086181277860327 0.029288702928870293
