0 0.8224368499257058 0.7269874476987448 0.1589895988112927 0.02301255230125523
1 0.8142644873699851 0.7677824267782427 0.1426448736998514 0.02092050209205021
2 0.10846953937592868 0.7792887029288703 0.02674591381872214 0.2907949790794979
3 0.2362555720653789 0.6370292887029289 0.14561664190193166 0.027196652719665274
4 0.8209509658246656 0.6370292887029289 0.1411589895988113 0.027196652719665274
5 0.5980683506686478 0.7228033472803347 0.1649331352154532 0.01882845188284519
6 0.17459138187221396 0.11401673640167365 0.02823179791976226 0.03138075313807531
6 0.1723625557206538 0.151673640167364 0.0237741456166419 0.01882845188284519
6 0.1738484398216939 0.19456066945606695 0.0237741456166419 0.02510460251046025
6 0.17533432392273401 0.23221757322175732 0.02674591381872214 0.02510460251046025
