0 0.8231797919762258 0.7248953974895398 0.16047548291233285 0.02301255230125523
1 0.812778603268945 0.7667364016736402 0.14561664190193166 0.02301255230125523
2 0.11292719167904904 0.7740585774058577 0.03566121842496285 0.301255230125523
3 0.22065378900445765 0.6317991631799164 0.11738484398216939 0.02092050209205021
4 0.8224368499257058 0.6349372384937239 0.14413075780089152 0.027196652719665274
5 0.6017830609212481 0.7186192468619247 0.17533432392273401 0.02301255230125523
6 0.17459138187221396 0.11192468619246862 0.02823179791976226 0.03138075313807531
6 0.17310549777117384 0.14958158995815898 0.022288261515601784 0.01882845188284519
6 0.1723625557206538 0.1903765690376569 0.02674591381872214 0.029288702928870293
6 0.17682020802377416 0.2301255230125523 0.0237741456166419 0.02510460251046025
