00008696,
00008697,
00008698,
00008699,
00008700,
00008701,
00008702,
00008703,
00008704,
00008705,
00008706,
00008707,
00008708,
00008709,
00008710,
00008711,
00008712,
00008713,
00008714,
00008715,
00008716,
00008717,
00008718,
00008719,
00008720,
00008721,
00008722,
00008723,
00008724,
00008725,
00008726,
00008727,
00008728,
00008729,
00008730,
00008731,
00008732,
00008733,
00008734,
00008735,
00008736,
00008737,
00008738,
00008739,
00008740,
00008741,
00008742,
00008743,
00008744,
00008745,
00008746,
00008747,
00008748,
00008749,
00008750,
00008751,
00008752,
00008753,
00008754,
00008755,
00008756,
00008757,
00008758,
00008759,
00008760,
00008761,
00008762,
00008763,
00008764,
00008765,
00008766,
00008767,
00008768,
00008769,
00008770,
00008771,
00008772,
00008773,
00008774,
00008775,
00008776,
00008777,
00008778,
00008779,
00008780,
00008781,
00008782,
00008783,
00008784,
00008785,
00008786,
00008787,
00008788,
00008789,
00008790,
00008791,
00008792,
00008793,
00008794,
00008795,
00008796,
00008797,
00008798,
00008799,
00008800,
00008801,
00008802,
00008803,
00008804,
00008805,
00008806,
00008807,
00008808,
00008809,
00008810,
00008811,
00008812,
00008813,
00008814,
00008815,
00008816,
00008817,
00008818,
00008819,
00008820,
00008821,
00008822,
00008823,
00008824,
00008825,
00008826,
00008827,
00008828,
00008829,
00008830,
00008831,
00008832,
00008833,
00008834,
00008835,
00008836,
00008837,
00008838,
00008839,
00008840,
00008841,
00008842,
00008843,
00008844,
00008845,
00008846,
00008847,
00008848,
00008849,
00008850,
00008851,
00008852,
00008853,
00008854,
00008855,
00008856,
00008857,
00008858,
00008859,
00008860,
00008861,
00008862,
00008863,
00008864,
00008865,
00008866,
00008867,
00008868,
00008869,
00008870,
00008871,
00008872,
00008873,
00008874,
00008875,
00008876,
00008877,
00008878,
00008879,
00008880,
00008881,
00008882,
00008883,
00008884,
00008885,
00008886,
00008887,
00008888,
00008889,
00008890,
00008891,
00008892,
00008893,
00008894,
00008895,
00008896,
00008897,
00008898,
00008899,
00008900,
00008901,
00008902,
00008903,
00008904,
00008905,
00008906,
00008907,
00008908,
00008909,
00008910,
00008911,
00008912,
00008913,
00008914,
00008915,
00008916,
00008917,
00008918,
00008919,
00008920,
00008921,
00008922,
00008923,
00008924,
00008925,
00008926,
00008927,
00008928,
00008929,
00008930,
00008931,
00008932,
00008933,
00008934,
00008935,
00008936,
00008937,
00008938,
00008939,
00008940,
00008941,
00008942,
00008943,
00008944,
00008945,
00008946,
00008947,
00008948,
00008949,
00008950,
00008951,
00008952,
00008953,
00008954,
00008955,
00008956,
00008957,
00008958,
00008959,
00008960,
00008961,
00008962,
00008963,
00008964,
00008965,
00008966,
00008967,
00008968,
00008969,
00008970,
00008971,
00008972,
00008973,
00008974,
00008975,
00008976,
00008977,
00008978,
00008979,
00008980,
00008981,
00008982,
00008983,
00008984,
00008985,
00008986,
00008987,
00008988,
00008989,
00008990,
00008991,
00008992,
00008993,
00008994,
00008995,
00008996,
00008997,
00008998,
00008999,
00009000,
00009001,
00009002,
00009003,
00009004,
00009005,
00009006,
00009007,
00009008,
00009009,
00009010,
00009011,
00009012,
00009013,
00009014,
00009015,
00009016,
00009017,
00009018,
00009019,
00009020,
00009021,
00009022,
00009023,
00009024,
00009025,
00009026,
00009027,
00009028,
00009029,
00009030,
00009031,
00009032,
00009033,
00009034,
00009035,
00009036,
00009037,
00009038,
00009039,
00009040,
00009041,
00009042,
00009043,
00009044,
00009045,
00009046,
00009047,
00009048,
00009049,
00009050,
00009051,
00009052,
00009053,
00009054,
00009055,
00009056,
00009057,
00009058,
00009059,
00009060,
00009061,
00009062,
00009063,
00009064,
00009065,
00009066,
00009067,
00009068,
00009069,
00009070,
00009071,
00009072,
00009073,
00009074,
00009075,
00009076,
00009077,
00009078,
00009079,
00009080,
00009081,
00009082,
00009083,
00009084,
00009085,
00009086,
00009087,
00009088,
00009089,
00009090,
00009091,
00009092,
00009093,
00009094,
00009095,
00009096,
00009097,
00009098,
00009099,
00009100,
00009101,
00009102,
00009103,
00009104,
00009105,
00009106,
00009107,
00009108,
00009109,
00009110,
00009111,
00009112,
00009113,
00009114,
00009115,
00009116,
00009117,
00009118,
00009119,
00009120,
00009121,
00009122,
00009123,
00009124,
00009125,
00009126,
00009127,
00009128,
00009129,
00009130,
00009131,
00009132,
00009133,
00009134,
00009135,
00009136,
00009137,
00009138,
00009139,
00009140,
00009141,
00009142,
00009143,
00009144,
00009145,
00009146,
00009147,
00009148,
00009149,
00009150,
00009151,
00009152,
00009153,
00009154,
00009155,
00009156,
00009157,
00009158,
00009159,
00009160,
00009161,
00009162,
00009163,
00009164,
00009165,
00009166,
00009167,
00009168,
00009169,
00009170,
00009171,
00009172,
00009173,
00009174,
00009175,
00009176,
00009177,
00009178,
00009179,
00009180,
00009181,
00009182,
00009183,
00009184,
00009185,
00009186,
00009187,
00009188,
00009189,
00009190,
00009191,
00009192,
00009193,
00009194,
00009195,
00009196,
00009197,
00009198,
00009199,
00009200,
00009201,
00009202,
00009203,
00009204,
00009205,
00009206,
00009207,
00009208,
00009209,
00009210,
00009211,
00009212,
00009213,
00009214,
00009215,
00009216,
00009217,
00009218,
00009219,
00009220,
00009221,
00009222,
00009223,
00009224,
00009225,
00009226,
00009227,
00009228,
00009229,
00009230,
00009231,
00009232,
00009233,
00009234,
00009235,
00009236,
00009237,
00009238,
00009239,
00009240,
00009241,
00009242,
00009243,
00009244,
00009245,
00009246,
00009247,
00009248,
00009249,
00009250,
00009251,
00009252,
00009253,
00009254,
00009255,
00009256,
00009257,
00009258,
00009259,
00009260,
00009261,
00009262,
00009263,
00009264,
00009265,
00009266,
00009267,
00009268,
00009269,
00009270,
00009271,
00009272,
00009273,
00009274,
00009275,
00009276,
00009277,
00009278,
00009279,
00009280,
00009281,
00009282,
00009283,
00009284,
00009285,
00009286,
00009287,
00009288,
00009289,
00009290,
00009291,
00009292,
00009293,
00009294,
00009295,
00009296,
00009297,
00009298,
00009299,
00009300,
00009301,
00009302,
00009303,
00009304,
00009305,
00009306,
00009307,
00009308,
00009309,
00009310,
00009311,
00009312,
00009313,
00009314,
00009315,
00009316,
00009317,
00009318,
00009319,
00009320,
00009321,
00009322,
00009323,
00009324,
00009325,
00009326,
00009327,
00009328,
00009329,
00009330,
00009331,
00009332,
00009333,
00009334,
00009335,
00009336,
00009337,
00009338,
00009339,
00009340,
00009341,
00009342,
00009343,
00009344,
00009345,
00009346,
00009347,
00009348,
00009349,
00009350,
00009351,
00009352,
00009353,
00009354,
00009355,
00009356,
00009357,
00009358,
00009359,
00009360,
00009361,
00009362,
00009363,
00009364,
00009365,
00009366,
00009367,
00009368,
00009369,
00009370,
00009371,
00009372,
00009373,
00009374,
00009375,
00009376,
00009377,
00009378,
00009379,
00009380,
00009381,
00009382,
00009383,
00009384,
00009385,
00009386,
00009387,
00009388,
00009389,
00009390,
00009391,
00009392,
00009393,
00009394,
00009395,
00009396,
00009397,
00009398,
00009399,
00009400,
00009401,
00009402,
00009403,
00009404,
00009405,
00009406,
00009407,
00009408,
00009409,
00009410,
00009411,
00009412,
00009413,
00009414,
00009415,
00009416,
00009417,
00009418,
00009419,
00009420,
00009421,
00009422,
00009423,
00009424,
00009425,
00009426,
00009427,
00009428,
00009429,
00009430,
00009431,
00009432,
00009433,
00009434,
00009435,
00009436,
00009437,
00009438,
00009439,
00009440,
00009441,
00009442,
00009443,
00009444,
00009445,
00009446,
00009447,
00009448,
00009449,
00009450,
00009451,
00009452,
00009453,
00009454,
00009455,
00009456,
00009457,
00009458,
00009459,
00009460,
00009461,
00009462,
00009463,
00009464,
00009465,
00009466,
00009467,
00009468,
00009469,
00009470,
00009471,
00009472,
00009473,
00009474,
00009475,
00009476,
00009477,
00009478,
00009479,
00009480,
00009481,
00009482,
00009483,
00009484,
00009485,
00009486,
00009487,
00009488,
00009489,
00009490,
00009491,
00009492,
00009493,
00009494,
00009495,
00009496,
00009497,
00009498,
00009499,
00009500,
00009501,
00009502,
00009503,
00009504,
00009505,
00009506,
00009507,
00009508,
00009509,
00009510,
00009511,
00009512,
00009513,
00009514,
00009515,
00009516,
00009517,
00009518,
00009519,
00009520,
00009521,
00009522,
00009523,
00009524,
00009525,
00009526,
00009527,
00009528,
00009529,
00009530,
00009531,
00009532,
00009533,
00009534,
00009535,
00009536,
00009537,
00009538,
00009539,
00009540,
00009541,
00009542,
00009543,
00009544,
00009545,
00009546,
00009547,
00009548,
00009549,
00009550,
00009551,
00009552,
00009553,
00009554,
00009555,
00009556,
00009557,
00009558,
00009559,
00009560,
00009561,
00009562,
00009563,
00009564,
00009565,
00009566,
00009567,
00009568,
00009569,
00009570,
00009571,
00009572,
00009573,
00009574,
00009575,
00009576,
00009577,
00009578,
00009579,
00009580,
00009581,
00009582,
00009583,
00009584,
00009585,
00009586,
00009587,
00009588,
00009589,
00009590,
00009591,
00009592,
00009593,
00009594,
00009595,
00009596,
00009597,
00009598,
00009599,
00009600,
00009601,
00009602,
00009603,
00009604,
00009605,
00009606,
00009607,
00009608,
00009609,
00009610,
00009611,
00009612,
00009613,
00009614,
00009615,
00009616,
00009617,
00009618,
00009619,
00009620,
00009621,
00009622,
00009623,
00009624,
00009625,
00009626,
00009627,
00009628,
00009629,
00009630,
00009631,
00009632,
00009633,
00009634,
00009635,
00009636,
00009637,
00009638,
00009639,
00009640,
00009641,
00009642,
00009643,
00009644,
00009645,
00009646,
00009647,
00009648,
00009649,
00009650,
00009651,
00009652,
00009653,
00009654,
00009655,
00009656,
00009657,
00009658,
00009659,
00009660,
00009661,
00009662,
00009663,
00009664,
00009665,
00009666,
00009667,
00009668,
00009669,
00009670,
00009671,
00009672,
00009673,
00009674,
00009675,
00009676,
00009677,
00009678,
00009679,
00009680,
00009681,
00009682,
00009683,
00009684,
00009685,
00009686,
00009687,
00009688,
00009689,
00009690,
00009691,
00009692,
00009693,
00009694,
00009695,
00009696,
00009697,
00009698,
00009699,
00009700,
00009701,
00009702,
00009703,
00009704,
00009705,
00009706,
00009707,
00009708,
00009709,
00009710,
00009711,
00009712,
00009713,
00009714,
00009715,
00009716,
00009717,
00009718,
00009719,
00009720,
00009721,
00009722,
00009723,
00009724,
00009725,
00009726,
00009727,
00009728,
00009729,
00009730,
00009731,
00009732,
00009733,
00009734,
00009735,
00009736,
00009737,
00009738,
00009739,
00009740,
00009741,
00009742,
00009743,
00009744,
00009745,
00009746,
00009747,
00009748,
00009749,
00009750,
00009751,
00009752,
00009753,
00009754,
00009755,
00009756,
00009757,
00009758,
00009759,
00009760,
00009761,
00009762,
00009763,
00009764,
00009765,
00009766,
00009767,
00009768,
00009769,
00009770,
00009771,
00009772,
00009773,
00009774,
00009775,
00009776,
00009777,
00009778,
00009779,
00009780,
00009781,
00009782,
00009783,
00009784,
00009785,
00009786,
00009787,
00009788,
00009789,
00009790,
00009791,
00009792,
00009793,
00009794,
00009795,
00009796,
00009797,
00009798,
00009799,
00009800,
00009801,
00009802,
00009803,
00009804,
00009805,
00009806,
00009807,
00009808,
00009809,
00009810,
00009811,
00009812,
00009813,
00009814,
00009815,
00009816,
00009817,
00009818,
00009819,
00009820,
00009821,
00009822,
00009823,
00009824,
00009825,
00009826,
00009827,
00009828,
00009829,
00009830,
00009831,
00009832,
00009833,
00009834,
00009835,
00009836,
00009837,
00009838,
00009839,
00009840,
00009841,
00009842,
00009843,
00009844,
00009845,
00009846,
00009847,
00009848,
00009849,
00009850,
00009851,
00009852,
00009853,
00009854,
00009855,
00009856,
00009857,
00009858,
00009859,
00009860,
00009861,
00009862,
00009863,
00009864,
00009865,
00009866,
00009867,
00009868,
00009869,
00009870,
00009871,
00009872,
00009873,
00009874,
00009875,
00009876,
00009877,
00009878,
00009879,
00009880,
00009881,
00009882,
00009883,
00009884,
00009885,
00009886,
00009887,
00009888,
00009889,
00009890,
00009891,
00009892,
00009893,
00009894,
00009895,
00009896,
00009897,
00009898,
00009899,
00009900,
00009901,
00009902,
00009903,
00009904,
00009905,
00009906,
00009907,
00009908,
00009909,
00009910,
00009911,
00009912,
00009913,
00009914,
00009915,
00009916,
00009917,
00009918,
00009919,
00009920,
00009921,
00009922,
00009923,
00009924,
00009925,
00009926,
00009927,
00009928,
00009929,
00009930,
00009931,
00009932,
00009933,
00009934,
00009935,
00009936,
00009937,
00009938,
00009939,
00009940,
00009941,
00009942,
00009943,
00009944,
00009945,
00009946,
00009947,
00009948,
00009949,
00009950,
00009951,
00009952,
00009953,
00009954,
00009955,
00009956,
00009957,
00009958,
00009959,
00009960,
00009961,
00009962,
00009963,
00009964,
00009965,
00009966,
00009967,
00009968,
00009969,
00009970,
00009971,
00009972,
00009973,
00009974,
00009975,
00009976,
00009977,
00009978,
00009979,
00009980,
00009981,
00009982,
00009983,
00009984,
00009985,
00009986,
00009987,
00009988,
00009989,
00009990,
00009991,
00009992,
00009993,
00009994,
00009995,
00009996,
00009997,
00009998,
00009999,
00010000,
00010001,
00010002,
00010003,
00010004,
00010005,
00010006,
00010007,
00010008,
00010009,
00010010,
00010011,
00010012,
00010013,
00010014,
00010015,
00010016,
00010017,
00010018,
00010019,
00010020,
00010021,
00010022,
00010023,
00010024,
00010025,
00010026,
00010027,
00010028,
00010029,
00010030,
00010031,
00010032,
00010033,
00010034,
00010035,
00010036,
00010037,
00010038,
00010039,
00010040,
00010041,
00010042,
00010043,
00010044,
00010045,
00010046,
00010047,
00010048,
00010049,
00010050,
00010051,
00010052,
00010053,
00010054,
00010055,
00010056,
00010057,
00010058,
00010059,
00010060,
00010061,
00010062,
00010063,
00010064,
00010065,
00010066,
00010067,
00010068,
00010069,
00010070,
00010071,
00010072,
00010073,
00010074,
00010075,
00010076,
00010077,
00010078,
00010079,
00010080,
00010081,
00010082,
00010083,
00010084,
00010085,
00010086,
00010087,
00010088,
00010089,
00010090,
00010091,
00010092,
00010093,
00010094,
00010095,
00010096,
00010097,
00010098,
00010099,
00010100,
00010101,
00010102,
00010103,
00010104,
00010105,
00010106,
00010107,
00010108,
00010109,
00010110,
00010111,
00010112,
00010113,
00010114,
00010115,
00010116,
00010117,
00010118,
00010119,
00010120,
00010121,
00010122,
00010123,
00010124,
00010125,
00010126,
00010127,
00010128,
00010129,
00010130,
00010131,
00010132,
00010133,
00010134,
00010135,
00010136,
00010137,
00010138,
00010139,
00010140,
00010141,
00010142,
00010143,
00010144,
00010145,
00010146,
00010147,
00010148,
00010149,
00010150,
00010151,
00010152,
00010153,
00010154,
00010155,
00010156,
00010157,
00010158,
00010159,
00010160,
00010161,
00010162,
00010163,
00010164,
00010165,
00010166,
00010167,
00010168,
00010169,
00010170,
00010171,
00010172,
00010173,
00010174,
00010175,
00010176,
00010177,
00010178,
00010179,
00010180,
00010181,
00010182,
00010183,
00010184,
00010185,
00010186,
00010187,
00010188,
00010189,
00010190,
00010191,
00010192,
00010193,
00010194,
00010195,
00010196,
00010197,
00010198,
00010199,
00010200,
00010201,
00010202,
00010203,
00010204,
00010205,
00010206,
00010207,
00010208,
00010209,
00010210,
00010211,
00010212,
00010213,
00010214,
00010215,
00010216,
00010217,
00010218,
00010219,
00010220,
00010221,
00010222,
00010223,
00010224,
00010225,
00010226,
00010227,
00010228,
00010229,
00010230,
00010231,
00010232,
00010233,
00010234,
00010235,
00010236,
00010237,
00010238,
00010239,
00010240,
00010241,
00010242,
00010243,
00010244,
00010245,
00010246,
00010247,
00010248,
00010249,
00010250,
00010251,
00010252,
00010253,
00010254,
00010255,
00010256,
00010257,
00010258,
00010259,
00010260,
00010261,
00010262,
00010263,
00010264,
00010265,
00010266,
00010267,
00010268,
00010269,
00010270,
00010271,
00010272,
00010273,
00010274,
00010275,
00010276,
00010277,
00010278,
00010279,
00010280,
00010281,
00010282,
00010283,
00010284,
00010285,
00010286,
00010287,
00010288,
00010289,
00010290,
00010291,
00010292,
00010293,
00010294,
00010295,
00010296,
00010297,
00010298,
00010299,
00010300,
00010301,
00010302,
00010303,
00010304,
00010305,
00010306,
00010307,
00010308,
00010309,
00010310,
00010311,
00010312,
00010313,
00010314,
00010315,
00010316,
00010317,
00010318,
00010319,
00010320,
00010321,
00010322,
00010323,
00010324,
00010325,
00010326,
00010327,
00010328,
00010329,
00010330,
00010331,
00010332,
00010333,
00010334,
00010335,
00010336,
00010337,
00010338,
00010339,
00010340,
00010341,
00010342,
00010343,
00010344,
00010345,
00010346,
00010347,
00010348,
00010349,
00010350,
00010351,
00010352,
00010353,
00010354,
00010355,
00010356,
00010357,
00010358,
00010359,
00010360,
00010361,
00010362,
00010363,
00010364,
00010365,
00010366,
00010367,
00010368,
00010369,
00010370,
00010371,
00010372,
00010373,
00010374,
00010375,
00010376,
00010377,
00010378,
00010379,
00010380,
00010381,
00010382,
00010383,
00010384,
00010385,
00010386,
00010387,
00010388,
00010389,
00010390,
00010391,
00010392,
00010393,
00010394,
00010395,
00010396,
00010397,
00010398,
00010399,
00010400,
00010401,
00010402,
00010403,
00010404,
00010405,
00010406,
00010407,
00010408,
00010409,
00010410,
00010411,
00010412,
00010413,
00010414,
00010415,
00010416,
00010417,
00010418,
00010419,
00010420,
00010421,
00010422,
00010423,
00010424,
00010425,
00010426,
00010427,
00010428,
00010429,
00010430,
00010431,
00010432,
00010433,
00010434,
00010435,
00010436,
00010437,
00010438,
00010439,
00010440,
00010441,
00010442,
00010443,
00010444,
00010445,
00010446,
00010447,
00010448,
00010449,
00010450,
00010451,
00010452,
00010453,
00010454,
00010455,
00010456,
00010457,
00010458,
00010459,
00010460,
00010461,
00010462,
00010463,
00010464,
00010465,
00010466,
00010467,
00010468,
00010469,
00010470,
00010471,
00010472,
00010473,
00010474,
00010475,
00010476,
00010477,
00010478,
00010479,
00010480,
00010481,
00010482,
00010483,
00010484,
00010485,
00010486,
00010487,
00010488,
00010489,
00010490,
00010491,
00010492,
00010493,
00010494,
00010495,
00010496,
00010497,
00010498,
00010499,
00010500,
00010501,
00010502,
00010503,
00010504,
00010505,
00010506,
00010507,
00010508,
00010509,
00010510,
00010511,
00010512,
00010513,
00010514,
00010515,
00010516,
00010517,
00010518,
00010519,
00010520,
00010521,
00010522,
00010523,
00010524,
00010525,
00010526,
00010527,
00010528,
00010529,
00010530,
00010531,
00010532,
00010533,
00010534,
00010535,
00010536,
00010537,
00010538,
00010539,
00010540,
00010541,
00010542,
00010543,
00010544,
00010545,
00010546,
00010547,
00010548,
00010549,
00010550,
00010551,
00010552,
00010553,
00010554,
00010555,
00010556,
00010557,
00010558,
00010559,
00010560,
00010561,
00010562,
00010563,
00010564,
00010565,
00010566,
00010567,
00010568,
00010569,
00010570,
00010571,
00010572,
00010573,
00010574,
00010575,
00010576,
00010577,
00010578,
00010579,
00010580,
00010581,
00010582,
00010583,
00010584,
00010585,
00010586,
00010587,
00010588,
00010589,
00010590,
00010591,
00010592,
00010593,
00010594,
00010595,
00010596,
00010597,
00010598,
00010599,
00010600,
00010601,
00010602,
00010603,
00010604,
00010605,
00010606,
00010607,
00010608,
00010609,
00010610,
00010611,
00010612,
00010613,
00010614,
00010615,
00010616,
00010617,
00010618,
00010619,
00010620,
00010621,
00010622,
00010623,
00010624,
00010625,
00010626,
00010627,
00010628,
00010629,
00010630,
00010631,
00010632,
00010633,
00010634,
00010635,
00010636,
00010637,
00010638,
00010639,
00010640,
00010641,
00010642,
00010643,
00010644,
00010645,
00010646,
00010647,
00010648,
00010649,
00010650,
00010651,
00010652,
00010653,
00010654,
00010655,
00010656,
00010657,
00010658,
00010659,
00010660,
00010661,
00010662,
00010663,
00010664,
00010665,
00010666,
00010667,
00010668,
00010669,
00010670,
00010671,
00010672,
00010673,
00010674,
00010675,
00010676,
00010677,
00010678,
00010679,
00010680,
00010681,
00010682,
00010683,
00010684,
00010685,
00010686,
00010687,
00010688,
00010689,
00010690,
00010691,
00010692,
00010693,
00010694,
00010695,
00010696,
00010697,
00010698,
00010699,
00010700,
00010701,
00010702,
00010703,
00010704,
00010705,
00010706,
00010707,
00010708,
00010709,
00010710,
00010711,
00010712,
00010713,
00010714,
00010715,
00010716,
00010717,
00010718,
00010719,
00010720,
00010721,
00010722,
00010723,
00010724,
00010725,
00010726,
00010727,
00010728,
00010729,
00010730,
00010731,
00010732,
00010733,
00010734,
00010735,
00010736,
00010737,
00010738,
00010739,
00010740,
00010741,
00010742,
00010743,
00010744,
00010745,
00010746,
00010747,
00010748,
00010749,
00010750,
00010751,
00010752,
00010753,
00010754,
00010755,
00010756,
00010757,
00010758,
00010759,
00010760,
00010761,
00010762,
00010763,
00010764,
00010765,
00010766,
00010767,
00010768,
00010769,
00010770,
00010771,
00010772,
00010773,
00010774,
00010775,
00010776,
00010777,
00010778,
00010779,
00010780,
00010781,
00010782,
00010783,
00010784,
00010785,
00010786,
00010787,
00010788,
00010789,
00010790,
00010791,
00010792,
00010793,
00010794,
00010795,
00010796,
00010797,
00010798,
00010799,
00010800,
00010801,
00010802,
00010803,
00010804,
00010805,
00010806,
00010807,
00010808,
00010809,
00010810,
00010811,
00010812,
00010813,
00010814,
00010815,
00010816,
00010817,
00010818,
00010819,
00010820,
00010821,
00010822,
00010823,
00010824,
00010825,
00010826,
00010827,
00010828,
00010829,
00010830,
00010831,
00010832,
00010833,
00010834,
00010835,
00010836,
00010837,
00010838,
00010839,
00010840,
00010841,
00010842,
00010843,
00010844,
00010845,
00010846,
00010847,
00010848,
00010849,
00010850,
00010851,
00010852,
00010853,
00010854,
00010855
